0.010000 999.970243
0.010000 999.970248
0.010000 999.972096
0.010000 999.972096
0.010000 999.972096
0.010000 999.972096
0.010000 999.972096
0.010000 999.973944
0.010000 999.973944
0.010000 999.975792
0.020000 999.905126
0.020000 999.904339
0.020000 999.912425
0.020000 999.907649
0.020000 999.903775
0.020000 999.908714
0.020000 999.907586
0.020000 999.913977
0.020000 999.909505
0.020000 999.927595
0.030000 999.837966
0.030000 999.833023
0.030000 999.844998
0.030000 999.836958
0.030000 999.836987
0.030000 999.842782
0.030000 999.842038
0.030000 999.846892
0.030000 999.846013
0.030000 999.868393
0.040000 999.810062
0.040000 999.806967
0.040000 999.817094
0.040000 999.810902
0.040000 999.810641
0.040000 999.814977
0.040000 999.816034
0.040000 999.821845
0.040000 999.820610
0.040000 999.844185
0.050000 999.753666
0.050000 999.757664
0.050000 999.768868
0.050000 999.762709
0.050000 999.759679
0.050000 999.762372
0.050000 999.763986
0.050000 999.773634
0.050000 999.773171
0.050000 999.804022
0.060000 999.689272
0.060000 999.692334
0.060000 999.701370
0.060000 999.695727
0.060000 999.694672
0.060000 999.698758
0.060000 999.701309
0.060000 999.704954
0.060000 999.707755
0.060000 999.745263
0.070000 999.661368
0.070000 999.664430
0.070000 999.673466
0.070000 999.667823
0.070000 999.666768
0.070000 999.670854
0.070000 999.673508
0.070000 999.678898
0.070000 999.682971
0.070000 999.719207
0.080000 999.590540
0.080000 999.584522
0.080000 999.600553
0.080000 999.594156
0.080000 999.594127
0.080000 999.602704
0.080000 999.607149
0.080000 999.606374
0.080000 999.612883
0.080000 999.663043
0.090000 999.513740
0.090000 999.512731
0.090000 999.524128
0.090000 999.513704
0.090000 999.515741
0.090000 999.527968
0.090000 999.529251
0.090000 999.540694
0.090000 999.545062
0.090000 999.589607
0.100000 999.483988
0.100000 999.484032
0.100000 999.494376
0.100000 999.483952
0.100000 999.485989
0.100000 999.498216
0.100000 999.499499
0.100000 999.512790
0.100000 999.517158
0.100000 999.565371
0.110000 999.412554
0.110000 999.412884
0.110000 999.423916
0.110000 999.417941
0.110000 999.413628
0.110000 999.426060
0.110000 999.428321
0.110000 999.449083
0.110000 999.455316
0.110000 999.511860
0.120000 999.347099
0.120000 999.351994
0.120000 999.354627
0.120000 999.348269
0.120000 999.345388
0.120000 999.360297
0.120000 999.364467
0.120000 999.381990
0.120000 999.388696
0.120000 999.459602
0.130000 999.317996
0.130000 999.323571
0.130000 999.324875
0.130000 999.318718
0.130000 999.315636
0.130000 999.330545
0.130000 999.336011
0.130000 999.354086
0.130000 999.360792
0.130000 999.433546
0.140000 999.300604
0.140000 999.304907
0.140000 999.306211
0.140000 999.301326
0.140000 999.298244
0.140000 999.313153
0.140000 999.318619
0.140000 999.338542
0.140000 999.343976
0.140000 999.416730
0.150000 999.278244
0.150000 999.283819
0.150000 999.285123
0.150000 999.280814
0.150000 999.275884
0.150000 999.290793
0.150000 999.296259
0.150000 999.317952
0.150000 999.324321
0.150000 999.397490
0.160000 999.317375
0.160000 999.397200
0.170000 999.316375
0.170000 999.396200
0.180000 999.315375
0.180000 999.395200
0.190000 999.314375
0.190000 999.394200
0.200000 999.313375
0.200000 999.393200
0.210000 999.312375
0.210000 999.392200
0.220000 999.311375
0.220000 999.391200
0.230000 999.310375
0.230000 999.390200
0.240000 999.309375
0.240000 999.389200
0.250000 999.308375
0.250000 999.388200
0.260000 999.307375
0.260000 999.387200
0.270000 999.306375
0.270000 999.386200
0.280000 999.305375
0.280000 999.385200
0.290000 999.304375
0.290000 999.383672
0.300000 999.301527
0.300000 999.382672
0.310000 999.298679
0.310000 999.379824
0.320000 999.297679
0.320000 999.347104
0.330000 999.294831
0.330000 999.344256
0.340000 999.291983
0.340000 999.342728
0.350000 999.289135
0.350000 999.339880
0.360000 999.288135
0.360000 999.307160
0.370000 999.285287
0.370000 999.304312
0.380000 999.284287
0.380000 999.303312
0.390000 999.283287
0.390000 999.302312
0.400000 999.278591
0.400000 999.299464
0.410000 999.277591
0.410000 999.298464
0.420000 999.276591
0.420000 999.297464
0.430000 999.275591
0.430000 999.296464
0.440000 999.274591
0.440000 999.295464
0.450000 999.273591
0.450000 999.293936
0.460000 999.268895
0.460000 999.291088
0.470000 999.267895
0.470000 999.290088
0.480000 999.266895
0.480000 999.289088
0.490000 999.265895
0.490000 999.288088
0.500000 999.264895
0.500000 999.286560
0.510000 999.263895
0.510000 999.285560
0.520000 999.259199
0.520000 999.282712
0.530000 999.258199
0.530000 999.281712
0.540000 999.257199
0.540000 999.280712
0.550000 999.256199
0.550000 999.279712
0.560000 999.255199
0.560000 999.278712
0.570000 999.254199
0.570000 999.277184
0.580000 999.251351
0.580000 999.276184
0.590000 999.248503
0.590000 999.273336
0.600000 999.245655
0.600000 999.238768
0.610000 999.244655
0.610000 999.237768
0.620000 999.243655
0.620000 999.236768
0.630000 999.238959
0.630000 999.233920
0.640000 999.237959
0.640000 999.232920
0.650000 999.236959
0.650000 999.231920
0.660000 999.235959
0.660000 999.230920
0.670000 999.234959
0.670000 999.229920
0.680000 999.233959
0.680000 999.228392
0.690000 999.229263
0.690000 999.225544
0.700000 999.228263
0.700000 999.224544
0.710000 999.227263
0.710000 999.223544
0.720000 999.226263
0.720000 999.222544
0.730000 999.225263
0.730000 999.221016
0.740000 999.220567
0.740000 999.218168
0.750000 999.219567
0.750000 999.217168
0.760000 999.218567
0.760000 999.216168
0.770000 999.217567
0.770000 999.215168
0.780000 999.216567
0.780000 999.213640
0.790000 999.211871
0.790000 999.210792
0.800000 999.210871
0.800000 999.209792
0.810000 999.209871
0.810000 999.208792
0.820000 999.208871
0.820000 999.207792
0.830000 999.207871
0.830000 999.206264
0.840000 999.203175
0.840000 999.203416
0.850000 999.202175
0.850000 999.202416
0.860000 999.201175
0.860000 999.201416
0.870000 999.200175
0.870000 999.200416
0.880000 999.195479
0.880000 999.197040
0.890000 999.194479
0.890000 999.196040
0.900000 999.193479
0.900000 999.195040
0.910000 999.192479
0.910000 999.194040
0.920000 999.191479
0.920000 999.193040
0.930000 999.190479
0.930000 999.191512
0.940000 999.187631
0.940000 999.190512
0.950000 999.184783
0.950000 999.187664
0.960000 999.183783
0.960000 999.154944
0.970000 999.180935
0.970000 999.152096
0.980000 999.179935
0.980000 999.150568
0.990000 999.177087
0.990000 999.149568
1.000000 999.174239
1.000000 999.146720
1.010000 999.173239
1.010000 999.114000
1.020000 999.172239
1.020000 999.111152
1.030000 999.171239
1.030000 999.110152
1.040000 999.166543
1.040000 999.107304
1.050000 999.165543
1.050000 999.106304
1.060000 999.164543
1.060000 999.105304
1.070000 999.163543
1.070000 999.104304
1.080000 999.162543
1.080000 999.102776
1.090000 999.157847
1.090000 999.099928
1.100000 999.156847
1.100000 999.098928
1.110000 999.155847
1.110000 999.097928
1.120000 999.154847
1.120000 999.096928
1.130000 999.151999
1.130000 999.095400
1.140000 999.149151
1.140000 999.092552
1.150000 999.146303
1.150000 999.057984
1.160000 999.145303
1.160000 999.056984
1.170000 999.144303
1.170000 999.055984
1.180000 999.139607
1.180000 999.053136
1.190000 999.138607
1.190000 999.052136
1.200000 999.137607
1.200000 999.051136
1.210000 999.136607
1.210000 999.050136
1.220000 999.135607
1.220000 999.048608
1.230000 999.130911
1.230000 999.045760
1.240000 999.129911
1.240000 999.044760
1.250000 999.128911
1.250000 999.043760
1.260000 999.127911
1.260000 999.042760
1.270000 999.126911
1.270000 999.041232
1.280000 999.122215
1.280000 999.038384
1.290000 999.121215
1.290000 999.037384
1.300000 999.120215
1.300000 999.036384
1.310000 999.119215
1.310000 999.035384
1.320000 999.118215
1.320000 999.033856
1.330000 999.113519
1.330000 999.031008
1.340000 999.112519
1.340000 999.030008
1.350000 999.111519
1.350000 999.029008
1.360000 999.106823
1.360000 999.026160
1.370000 999.105823
1.370000 999.025160
1.380000 999.104823
1.380000 999.024160
1.390000 999.103823
1.390000 999.023160
1.400000 999.102823
1.400000 999.022160
1.410000 999.101823
1.410000 999.020632
1.420000 999.097127
1.420000 999.017784
1.430000 999.096127
1.430000 999.016784
1.440000 999.095127
1.440000 999.015784
1.450000 999.094127
1.450000 999.014784
1.460000 999.093127
1.460000 999.013256
1.470000 999.090279
1.470000 999.012256
1.480000 999.087431
1.480000 999.009408
1.490000 999.086431
1.490000 998.976688
1.500000 999.083583
1.500000 998.973840
1.510000 999.082583
1.510000 998.972312
1.520000 999.079735
1.520000 998.971312
1.530000 999.076887
1.530000 998.968464
1.540000 999.075887
1.540000 998.935744
1.550000 999.073039
1.550000 998.932896
1.560000 999.068343
1.560000 998.930048
1.570000 999.067343
1.570000 998.929048
1.580000 999.066343
1.580000 998.928048
1.590000 999.065343
1.590000 998.927048
1.600000 999.060647
1.600000 998.924200
1.610000 999.059647
1.610000 998.923200
1.620000 999.058647
1.620000 998.922200
1.630000 999.057647
1.630000 998.921200
1.640000 999.056647
1.640000 998.920200
1.650000 999.055647
1.650000 998.919200
1.660000 999.050951
1.660000 998.916352
1.670000 999.049951
1.670000 998.915352
1.680000 999.048951
1.680000 998.914352
1.690000 999.047951
1.690000 998.913352
1.700000 999.046951
1.700000 998.912352
1.710000 999.045951
1.710000 998.911352
1.720000 999.041255
1.720000 998.908504
1.730000 999.040255
1.730000 998.907504
1.740000 999.039255
1.740000 998.906504
1.750000 999.038255
1.750000 998.905504
1.760000 999.037255
1.760000 998.904504
1.770000 999.036255
1.770000 998.903504
1.780000 999.031559
1.780000 998.900656
1.790000 999.030559
1.790000 998.899656
1.800000 999.029559
1.800000 998.898656
1.810000 999.028559
1.810000 998.897656
1.820000 999.027559
1.820000 998.896656
1.830000 999.026559
1.830000 998.895656
1.840000 999.021863
1.840000 998.892808
1.850000 999.020863
1.850000 998.891808
1.860000 999.019863
1.860000 998.890808
1.870000 999.018863
1.870000 998.889808
1.880000 999.017863
1.880000 998.888808
1.890000 999.016863
1.890000 998.887808
1.900000 999.012167
1.900000 998.884960
1.910000 999.011167
1.910000 998.883960
1.920000 999.010167
1.920000 998.882960
1.930000 999.009167
1.930000 998.881960
1.940000 999.008167
1.940000 998.880960
1.950000 999.007167
1.950000 998.879960
1.960000 999.002471
1.960000 998.877112
1.970000 999.001471
1.970000 998.876112
1.980000 999.000471
1.980000 998.875112
1.990000 998.999471
1.990000 998.874112
2.000000 998.998471
2.000000 998.873112
2.010000 998.997471
2.010000 998.872112
2.020000 998.992775
2.020000 998.868736
2.030000 998.991775
2.030000 998.867736
2.040000 998.990775
2.040000 998.866736
2.050000 998.989775
2.050000 998.865736
2.060000 998.988775
2.060000 998.864736
2.070000 998.987775
2.070000 998.863208
2.080000 998.983079
2.080000 998.860360
2.090000 998.982079
2.090000 998.859360
2.100000 998.981079
2.100000 998.858360
2.110000 998.980079
2.110000 998.857360
2.120000 998.979079
2.120000 998.856360
2.130000 998.978079
2.130000 998.854832
2.140000 998.973383
2.140000 998.851984
2.150000 998.972383
2.150000 998.850984
2.160000 998.971383
2.160000 998.849984
2.170000 998.970383
2.170000 998.848984
2.180000 998.969383
2.180000 998.847456
2.190000 998.966535
2.190000 998.846456
2.200000 998.963687
2.200000 998.843608
2.210000 998.960839
2.210000 998.809040
2.220000 998.959839
2.220000 998.808040
2.230000 998.958839
2.230000 998.806512
2.240000 998.954143
2.240000 998.803664
2.250000 998.953143
2.250000 998.802664
2.260000 998.952143
2.260000 998.801664
2.270000 998.951143
2.270000 998.800664
2.280000 998.948295
2.280000 998.799136
2.290000 998.945447
2.290000 998.796288
2.300000 998.944447
2.300000 998.763568
2.310000 998.941599
2.310000 998.760720
2.320000 998.936903
2.320000 998.757344
2.330000 998.935903
2.330000 998.756344
2.340000 998.934903
2.340000 998.755344
2.350000 998.933903
2.350000 998.754344
2.360000 998.932903
2.360000 998.752816
2.370000 998.928207
2.370000 998.749968
2.380000 998.927207
2.380000 998.748968
2.390000 998.926207
2.390000 998.747968
2.400000 998.925207
2.400000 998.746968
2.410000 998.924207
2.410000 998.745440
2.420000 998.919511
2.420000 998.742592
2.430000 998.918511
2.430000 998.741592
2.440000 998.917511
2.440000 998.740592
2.450000 998.916511
2.450000 998.739592
2.460000 998.913663
2.460000 998.738064
2.470000 998.910815
2.470000 998.735216
2.480000 998.909815
2.480000 998.702496
2.490000 998.906967
2.490000 998.699648
2.500000 998.902271
2.500000 998.696800
2.510000 998.901271
2.510000 998.695800
2.520000 998.900271
2.520000 998.694800
2.530000 998.899271
2.530000 998.693800
2.540000 998.898271
2.540000 998.692800
2.550000 998.897271
2.550000 998.691800
2.560000 998.892575
2.560000 998.688952
2.570000 998.891575
2.570000 998.687952
2.580000 998.890575
2.580000 998.686952
2.590000 998.889575
2.590000 998.685952
2.600000 998.888575
2.600000 998.684952
2.610000 998.887575
2.610000 998.683952
2.620000 998.882879
2.620000 998.681104
2.630000 998.881879
2.630000 998.680104
2.640000 998.880879
2.640000 998.679104
2.650000 998.879879
2.650000 998.678104
2.660000 998.878879
2.660000 998.677104
2.670000 998.877879
2.670000 998.676104
2.680000 998.873183
2.680000 998.673256
2.690000 998.872183
2.690000 998.672256
2.700000 998.871183
2.700000 998.671256
2.710000 998.870183
2.710000 998.670256
2.720000 998.869183
2.720000 998.669256
2.730000 998.868183
2.730000 998.668256
2.740000 998.863487
2.740000 998.665408
2.750000 998.862487
2.750000 998.664408
2.760000 998.861487
2.760000 998.663408
2.770000 998.860487
2.770000 998.662408
2.780000 998.859487
2.780000 998.661408
2.790000 998.858487
2.790000 998.660408
2.800000 998.853791
2.800000 998.657560
2.810000 998.852791
2.810000 998.656560
2.820000 998.851791
2.820000 998.655560
2.830000 998.850791
2.830000 998.654560
2.840000 998.849791
2.840000 998.653560
2.850000 998.848791
2.850000 998.652560
2.860000 998.844095
2.860000 998.649712
2.870000 998.843095
2.870000 998.648712
2.880000 998.842095
2.880000 998.647712
2.890000 998.841095
2.890000 998.646712
2.900000 998.840095
2.900000 998.645712
2.910000 998.839095
2.910000 998.644712
2.920000 998.834399
2.920000 998.641864
2.930000 998.833399
2.930000 998.640864
2.940000 998.832399
2.940000 998.639864
2.950000 998.831399
2.950000 998.638864
2.960000 998.830399
2.960000 998.637864
2.970000 998.829399
2.970000 998.636864
2.980000 998.824703
2.980000 998.634016
2.990000 998.823703
2.990000 998.633016
3.000000 998.822703
3.000000 998.632016
3.010000 998.821703
3.010000 998.631016
3.020000 998.820703
3.020000 998.630016
3.030000 998.819703
3.030000 998.629016
3.040000 998.815007
3.040000 998.626168
3.050000 998.814007
3.050000 998.625168
3.060000 998.813007
3.060000 998.624168
3.070000 998.812007
3.070000 998.623168
3.080000 998.811007
3.080000 998.622168
3.090000 998.806311
3.090000 998.619320
3.100000 998.805311
3.100000 998.618320
3.110000 998.804311
3.110000 998.617320
3.120000 998.803311
3.120000 998.616320
3.130000 998.802311
3.130000 998.615320
3.140000 998.801311
3.140000 998.614320
3.150000 998.796615
3.150000 998.611472
3.160000 998.795615
3.160000 998.610472
3.170000 998.794615
3.170000 998.609472
3.180000 998.793615
3.180000 998.608472
3.190000 998.792615
3.190000 998.607472
3.200000 998.791615
3.200000 998.606472
3.210000 998.790615
3.210000 998.605472
3.220000 998.785919
3.220000 998.602624
3.230000 998.784919
3.230000 998.601624
3.240000 998.783919
3.240000 998.600624
3.250000 998.782919
3.250000 998.599624
3.260000 998.781919
3.260000 998.598624
3.270000 998.780919
3.270000 998.597624
3.280000 998.776223
3.280000 998.594776
3.290000 998.775223
3.290000 998.593776
3.300000 998.774223
3.300000 998.592776
3.310000 998.773223
3.310000 998.591776
3.320000 998.772223
3.320000 998.590776
3.330000 998.771223
3.330000 998.589776
3.340000 998.766527
3.340000 998.586928
3.350000 998.765527
3.350000 998.585928
3.360000 998.764527
3.360000 998.584928
3.370000 998.763527
3.370000 998.583928
3.380000 998.762527
3.380000 998.582928
3.390000 998.761527
3.390000 998.581928
3.400000 998.756831
3.400000 998.579080
3.410000 998.755831
3.410000 998.578080
3.420000 998.754831
3.420000 998.577080
3.430000 998.753831
3.430000 998.576080
3.440000 998.752831
3.440000 998.575080
3.450000 998.751831
3.450000 998.574080
3.460000 998.750831
3.460000 998.573080
3.470000 998.749831
3.470000 998.572080
3.480000 998.745135
3.480000 998.569232
3.490000 998.744135
3.490000 998.568232
3.500000 998.743135
3.500000 998.567232
3.510000 998.742135
3.510000 998.566232
3.520000 998.737439
3.520000 998.562856
3.530000 998.736439
3.530000 998.561856
3.540000 998.735439
3.540000 998.560856
3.550000 998.734439
3.550000 998.559856
3.560000 998.733439
3.560000 998.558856
3.570000 998.732439
3.570000 998.557328
3.580000 998.727743
3.580000 998.554480
3.590000 998.726743
3.590000 998.553480
3.600000 998.725743
3.600000 998.552480
3.610000 998.724743
3.610000 998.551480
3.620000 998.723743
3.620000 998.549952
3.630000 998.720895
3.630000 998.548952
3.640000 998.718047
3.640000 998.546104
3.650000 998.717047
3.650000 998.513384
3.660000 998.714199
3.660000 998.510536
3.670000 998.713199
3.670000 998.509536
3.680000 998.708503
3.680000 998.506688
3.690000 998.707503
3.690000 998.505688
3.700000 998.706503
3.700000 998.504688
3.710000 998.705503
3.710000 998.503688
3.720000 998.704503
3.720000 998.502688
3.730000 998.703503
3.730000 998.501688
3.740000 998.702503
3.740000 998.500688
3.750000 998.697807
3.750000 998.497840
3.760000 998.696807
3.760000 998.496840
3.770000 998.695807
3.770000 998.495840
3.780000 998.694807
3.780000 998.494840
3.790000 998.693807
3.790000 998.493840
3.800000 998.689111
3.800000 998.490992
3.810000 998.688111
3.810000 998.489992
3.820000 998.687111
3.820000 998.488992
3.830000 998.686111
3.830000 998.487992
3.840000 998.685111
3.840000 998.486992
3.850000 998.680415
3.850000 998.484144
3.860000 998.679415
3.860000 998.483144
3.870000 998.678415
3.870000 998.482144
3.880000 998.677415
3.880000 998.481144
3.890000 998.676415
3.890000 998.479616
3.900000 998.671719
3.900000 998.476768
3.910000 998.670719
3.910000 998.475768
3.920000 998.669719
3.920000 998.474768
3.930000 998.668719
3.930000 998.473768
3.940000 998.667719
3.940000 998.472240
3.950000 998.663023
3.950000 998.469392
3.960000 998.662023
3.960000 998.468392
3.970000 998.661023
3.970000 998.467392
3.980000 998.660023
3.980000 998.466392
3.990000 998.659023
3.990000 998.464864
4.000000 998.654327
4.000000 998.462016
4.010000 998.653327
4.010000 998.461016
4.020000 998.652327
4.020000 998.460016
4.030000 998.651327
4.030000 998.459016
4.040000 998.650327
4.040000 998.457488
4.050000 998.645631
4.050000 998.454640
4.060000 998.644631
4.060000 998.453640
4.070000 998.643631
4.070000 998.452640
4.080000 998.642631
4.080000 998.451640
4.090000 998.641631
4.090000 998.450112
4.100000 998.636935
4.100000 998.447264
4.110000 998.635935
4.110000 998.446264
4.120000 998.634935
4.120000 998.445264
4.130000 998.633935
4.130000 998.444264
4.140000 998.632935
4.140000 998.442736
4.150000 998.630087
4.150000 998.441736
4.160000 998.627239
4.160000 998.438888
4.170000 998.626239
4.170000 998.406168
4.180000 998.623391
4.180000 998.403320
4.190000 998.622391
4.190000 998.401792
4.200000 998.619543
4.200000 998.400792
4.210000 998.616695
4.210000 998.397944
4.220000 998.615695
4.220000 998.365224
4.230000 998.614695
4.230000 998.362376
4.240000 998.609999
4.240000 998.359000
4.250000 998.608999
4.250000 998.358000
4.260000 998.607999
4.260000 998.357000
4.270000 998.606999
4.270000 998.356000
4.280000 998.605999
4.280000 998.354472
4.290000 998.603151
4.290000 998.353472
4.300000 998.600303
4.300000 998.350624
4.310000 998.597455
4.310000 998.316056
4.320000 998.596455
4.320000 998.315056
4.330000 998.593607
4.330000 998.313528
4.340000 998.590759
4.340000 998.310680
4.350000 998.589759
4.350000 998.277960
4.360000 998.588759
4.360000 998.275112
4.370000 998.587759
4.370000 998.273584
4.380000 998.584911
4.380000 998.272584
4.390000 998.582063
4.390000 998.269736
4.400000 998.581063
4.400000 998.237016
4.410000 998.578215
4.410000 998.234168
4.420000 998.577215
4.420000 998.232640
4.430000 998.574367
4.430000 998.231640
4.440000 998.571519
4.440000 998.228792
4.450000 998.568671
4.450000 998.194224
4.460000 998.567671
4.460000 998.193224
4.470000 998.566671
4.470000 998.191696
4.480000 998.563823
4.480000 998.190696
4.490000 998.560975
4.490000 998.187848
4.500000 998.558127
4.500000 998.153280
4.510000 998.557127
4.510000 998.152280
4.520000 998.556127
4.520000 998.151280
4.530000 998.555127
4.530000 998.150280
4.540000 998.550431
4.540000 998.147432
4.550000 998.549431
4.550000 998.146432
4.560000 998.548431
4.560000 998.145432
4.570000 998.547431
4.570000 998.144432
4.580000 998.546431
4.580000 998.143432
4.590000 998.545431
4.590000 998.142432
4.600000 998.544431
4.600000 998.141432
4.610000 998.543431
4.610000 998.140432
4.620000 998.542431
4.620000 998.139432
4.630000 998.537735
4.630000 998.136584
4.640000 998.536735
4.640000 998.135584
4.650000 998.535735
4.650000 998.134584
4.660000 998.534735
4.660000 998.133584
4.670000 998.533735
4.670000 998.132584
4.680000 998.529039
4.680000 998.129736
4.690000 998.528039
4.690000 998.128736
4.700000 998.527039
4.700000 998.127736
4.710000 998.526039
4.710000 998.126736
4.720000 998.521343
4.720000 998.123888
4.730000 998.520343
4.730000 998.122888
4.740000 998.519343
4.740000 998.121888
4.750000 998.518343
4.750000 998.120888
4.760000 998.517343
4.760000 998.119888
4.770000 998.516343
4.770000 998.118888
4.780000 998.511647
4.780000 998.116040
4.790000 998.510647
4.790000 998.115040
4.800000 998.509647
4.800000 998.114040
4.810000 998.508647
4.810000 998.113040
4.820000 998.507647
4.820000 998.112040
4.830000 998.506647
4.830000 998.111040
4.840000 998.501951
4.840000 998.108192
4.850000 998.500951
4.850000 998.107192
4.860000 998.499951
4.860000 998.106192
4.870000 998.498951
4.870000 998.105192
4.880000 998.497951
4.880000 998.104192
4.890000 998.493255
4.890000 998.101344
4.900000 998.492255
4.900000 998.100344
4.910000 998.491255
4.910000 998.099344
4.920000 998.490255
4.920000 998.098344
4.930000 998.489255
4.930000 998.097344
4.940000 998.484559
4.940000 998.094496
4.950000 998.483559
4.950000 998.093496
4.960000 998.482559
4.960000 998.092496
4.970000 998.481559
4.970000 998.091496
4.980000 998.480559
4.980000 998.090496
4.990000 998.475863
4.990000 998.087648
5.000000 998.474863
5.000000 998.086648
5.010000 998.473863
5.010000 998.085648
5.020000 998.472863
5.020000 998.084648
5.030000 998.471863
5.030000 998.083648
5.040000 998.470863
5.040000 998.082648
5.050000 998.469863
5.050000 998.081648
5.060000 998.467015
5.060000 998.080120
5.070000 998.464167
5.070000 998.077272
5.080000 998.463167
5.080000 998.044552
5.090000 998.460281
5.090000 998.041704
5.100000 998.459281
5.100000 998.040704
5.110000 998.458281
5.110000 998.039704
5.120000 998.453585
5.120000 998.036856
5.130000 998.452585
5.130000 998.035856
5.140000 998.451585
5.140000 998.034856
5.150000 998.450585
5.150000 998.033856
5.160000 998.449585
5.160000 998.032856
5.170000 998.444889
5.170000 998.030008
5.180000 998.443889
5.180000 998.029008
5.190000 998.442889
5.190000 998.028008
5.200000 998.441889
5.200000 998.027008
5.210000 998.440889
5.210000 998.025480
5.220000 998.436193
5.220000 998.022632
5.230000 998.435193
5.230000 998.021632
5.240000 998.434193
5.240000 998.020632
5.250000 998.433193
5.250000 998.019632
5.260000 998.428497
5.260000 998.016256
5.270000 998.427497
5.270000 998.015256
5.280000 998.426497
5.280000 998.014256
5.290000 998.425497
5.290000 998.013256
5.300000 998.424497
5.300000 998.011728
5.310000 998.421649
5.310000 998.010728
5.320000 998.418801
5.320000 998.007880
5.330000 998.417801
5.330000 997.975160
5.340000 998.414953
5.340000 997.972312
5.350000 998.413953
5.350000 997.971312
5.360000 998.409257
5.360000 997.968464
5.370000 998.408257
5.370000 997.967464
5.380000 998.407257
5.380000 997.966464
5.390000 998.406257
5.390000 997.965464
5.400000 998.405257
5.400000 997.964464
5.410000 998.400561
5.410000 997.961616
5.420000 998.399561
5.420000 997.960616
5.430000 998.398561
5.430000 997.959616
5.440000 998.397561
5.440000 997.958616
5.450000 998.396561
5.450000 997.957616
5.460000 998.395561
5.460000 997.956616
5.470000 998.394561
5.470000 997.955616
5.480000 998.393561
5.480000 997.954616
5.490000 998.388865
5.490000 997.951768
5.500000 998.387865
5.500000 997.950768
5.510000 998.386865
5.510000 997.949768
5.520000 998.385865
5.520000 997.948768
5.530000 998.384865
5.530000 997.947768
5.540000 998.383865
5.540000 997.946768
5.550000 998.379169
5.550000 997.943920
5.560000 998.378169
5.560000 997.942920
5.570000 998.377169
5.570000 997.941920
5.580000 998.376169
5.580000 997.940920
5.590000 998.375169
5.590000 997.939392
5.600000 998.370473
5.600000 997.936544
5.610000 998.369473
5.610000 997.935544
5.620000 998.368473
5.620000 997.934544
5.630000 998.367473
5.630000 997.933544
5.640000 998.366473
5.640000 997.932016
5.650000 998.363625
5.650000 997.931016
5.660000 998.360777
5.660000 997.928168
5.670000 998.357929
5.670000 997.893600
5.680000 998.356929
5.680000 997.892600
5.690000 998.355929
5.690000 997.891072
5.700000 998.351233
5.700000 997.888224
5.710000 998.350233
5.710000 997.887224
5.720000 998.349233
5.720000 997.886224
5.730000 998.348233
5.730000 997.885224
5.740000 998.343537
5.740000 997.881848
5.750000 998.342537
5.750000 997.880848
5.760000 998.341537
5.760000 997.879848
5.770000 998.340537
5.770000 997.878848
5.780000 998.339537
5.780000 997.877848
5.790000 998.338537
5.790000 997.876320
5.800000 998.333841
5.800000 997.873472
5.810000 998.332841
5.810000 997.872472
5.820000 998.331841
5.820000 997.871472
5.830000 998.330841
5.830000 997.870472
5.840000 998.329841
5.840000 997.868944
5.850000 998.325145
5.850000 997.866096
5.860000 998.324145
5.860000 997.865096
5.870000 998.323145
5.870000 997.864096
5.880000 998.322145
5.880000 997.863096
5.890000 998.321145
5.890000 997.861568
5.900000 998.316449
5.900000 997.858720
5.910000 998.315449
5.910000 997.857720
5.920000 998.314449
5.920000 997.856720
5.930000 998.313449
5.930000 997.855720
5.940000 998.312449
5.940000 997.854192
5.950000 998.309601
5.950000 997.853192
5.960000 998.306753
5.960000 997.850344
5.970000 998.303905
5.970000 997.815776
5.980000 998.302905
5.980000 997.814776
5.990000 998.301905
5.990000 997.813776
6.000000 998.297209
6.000000 997.810928
6.010000 998.296209
6.010000 997.809928
6.020000 998.295209
6.020000 997.808928
6.030000 998.294209
6.030000 997.807928
6.040000 998.289513
6.040000 997.805080
6.050000 998.288513
6.050000 997.804080
6.060000 998.287513
6.060000 997.803080
6.070000 998.286513
6.070000 997.802080
6.080000 998.281817
6.080000 997.799232
6.090000 998.280817
6.090000 997.798232
6.100000 998.279817
6.100000 997.797232
6.110000 998.278817
6.110000 997.796232
6.120000 998.277817
6.120000 997.794704
6.130000 998.274969
6.130000 997.793704
6.140000 998.272121
6.140000 997.790856
6.150000 998.271121
6.150000 997.758136
6.160000 998.268273
6.160000 997.755288
6.170000 998.267273
6.170000 997.753760
6.180000 998.262577
6.180000 997.750912
6.190000 998.261577
6.190000 997.749912
6.200000 998.260577
6.200000 997.748912
6.210000 998.259577
6.210000 997.747912
6.220000 998.258577
6.220000 997.746384
6.230000 998.255729
6.230000 997.745384
6.240000 998.252881
6.240000 997.742536
6.250000 998.250033
6.250000 997.707968
6.260000 998.249033
6.260000 997.706968
6.270000 998.248033
6.270000 997.705440
6.280000 998.245185
6.280000 997.704440
6.290000 998.242337
6.290000 997.701592
6.300000 998.241337
6.300000 997.668872
6.310000 998.238489
6.310000 997.666024
6.320000 998.237489
6.320000 997.664496
6.330000 998.234641
6.330000 997.663496
6.340000 998.231793
6.340000 997.660648
6.350000 998.230793
6.350000 997.627928
6.360000 998.227945
6.360000 997.625080
6.370000 998.226945
6.370000 997.623552
6.380000 998.222249
6.380000 997.620704
6.390000 998.221249
6.390000 997.619704
6.400000 998.220249
6.400000 997.618704
6.410000 998.219249
6.410000 997.617704
6.420000 998.218249
6.420000 997.616176
6.430000 998.215401
6.430000 997.615176
6.440000 998.212553
6.440000 997.612328
6.450000 998.211553
6.450000 997.579608
6.460000 998.210553
6.460000 997.576760
6.470000 998.205857
6.470000 997.573912
6.480000 998.204857
6.480000 997.572912
6.490000 998.203857
6.490000 997.571912
6.500000 998.202857
6.500000 997.570912
6.510000 998.201857
6.510000 997.569912
6.520000 998.197161
6.520000 997.567064
6.530000 998.196161
6.530000 997.566064
6.540000 998.195161
6.540000 997.565064
6.550000 998.194161
6.550000 997.564064
6.560000 998.193161
6.560000 997.563064
6.570000 998.192161
6.570000 997.562064
6.580000 998.187465
6.580000 997.559216
6.590000 998.186465
6.590000 997.558216
6.600000 998.185465
6.600000 997.557216
6.610000 998.184465
6.610000 997.556216
6.620000 998.183465
6.620000 997.555216
6.630000 998.178769
6.630000 997.552368
6.640000 998.177769
6.640000 997.551368
6.650000 998.176769
6.650000 997.550368
6.660000 998.175769
6.660000 997.549368
6.670000 998.174769
6.670000 997.548368
6.680000 998.170073
6.680000 997.545520
6.690000 998.169073
6.690000 997.544520
6.700000 998.168073
6.700000 997.543520
6.710000 998.167073
6.710000 997.542520
6.720000 998.166073
6.720000 997.541520
6.730000 998.161377
6.730000 997.538672
6.740000 998.160377
6.740000 997.537672
6.750000 998.159377
6.750000 997.536672
6.760000 998.158377
6.760000 997.535672
6.770000 998.157377
6.770000 997.534672
6.780000 998.152681
6.780000 997.531824
6.790000 998.151681
6.790000 997.530824
6.800000 998.150681
6.800000 997.529824
6.810000 998.149681
6.810000 997.528824
6.820000 998.144985
6.820000 997.525976
6.830000 998.143985
6.830000 997.524976
6.840000 998.142985
6.840000 997.523976
6.850000 998.141985
6.850000 997.522976
6.860000 998.137289
6.860000 997.520128
6.870000 998.136289
6.870000 997.519128
6.880000 998.135289
6.880000 997.518128
6.890000 998.134289
6.890000 997.517128
6.900000 998.133289
6.900000 997.516128
6.910000 998.128593
6.910000 997.513280
6.920000 998.127593
6.920000 997.512280
6.930000 998.126593
6.930000 997.511280
6.940000 998.121897
6.940000 997.508432
6.950000 998.120897
6.950000 997.507432
6.960000 998.119897
6.960000 997.506432
6.970000 998.118897
6.970000 997.505432
6.980000 998.117897
6.980000 997.504432
6.990000 998.116897
6.990000 997.503432
7.000000 998.112201
7.000000 997.500584
7.010000 998.111201
7.010000 997.499584
7.020000 998.110201
7.020000 997.498584
7.030000 998.109201
7.030000 997.497584
7.040000 998.108201
7.040000 997.496584
7.050000 998.103505
7.050000 997.493736
7.060000 998.102505
7.060000 997.492736
7.070000 998.101505
7.070000 997.491736
7.080000 998.100505
7.080000 997.490736
7.090000 998.099505
7.090000 997.489736
7.100000 998.096657
7.100000 997.488208
7.110000 998.093809
7.110000 997.485360
7.120000 998.092809
7.120000 997.452640
7.130000 998.089961
7.130000 997.449792
7.140000 998.087113
7.140000 997.448264
7.150000 998.084265
7.150000 997.445416
7.160000 998.083265
7.160000 997.412696
7.170000 998.080417
7.170000 997.409848
7.180000 998.075721
7.180000 997.407000
7.190000 998.074721
7.190000 997.406000
7.200000 998.073721
7.200000 997.405000
7.210000 998.072721
7.210000 997.404000
7.220000 998.071721
7.220000 997.403000
7.230000 998.070721
7.230000 997.402000
7.240000 998.066025
7.240000 997.399152
7.250000 998.065025
7.250000 997.398152
7.260000 998.064025
7.260000 997.397152
7.270000 998.063025
7.270000 997.396152
7.280000 998.062025
7.280000 997.395152
7.290000 998.061025
7.290000 997.394152
7.300000 998.056329
7.300000 997.391304
7.310000 998.055329
7.310000 997.390304
7.320000 998.054329
7.320000 997.389304
7.330000 998.053329
7.330000 997.388304
7.340000 998.052329
7.340000 997.387304
7.350000 998.047633
7.350000 997.384456
7.360000 998.046633
7.360000 997.383456
7.370000 998.045633
7.370000 997.382456
7.380000 998.044633
7.380000 997.381456
7.390000 998.043633
7.390000 997.379928
7.400000 998.040785
7.400000 997.378928
7.410000 998.037937
7.410000 997.376080
7.420000 998.036937
7.420000 997.343360
7.430000 998.034089
7.430000 997.340512
7.440000 998.029393
7.440000 997.337136
7.450000 998.028393
7.450000 997.336136
7.460000 998.027393
7.460000 997.335136
7.470000 998.026393
7.470000 997.334136
7.480000 998.023545
7.480000 997.332608
7.490000 998.020697
7.490000 997.329760
7.500000 998.019697
7.500000 997.297040
7.510000 998.018697
7.510000 997.294192
7.520000 998.017697
7.520000 997.292664
7.530000 998.013001
7.530000 997.289816
7.540000 998.012001
7.540000 997.288816
7.550000 998.011001
7.550000 997.287816
7.560000 998.010001
7.560000 997.286816
7.570000 998.009001
7.570000 997.285816
7.580000 998.008001
7.580000 997.284288
7.590000 998.003305
7.590000 997.281440
7.600000 998.002305
7.600000 997.280440
7.610000 998.001305
7.610000 997.279440
7.620000 998.000305
7.620000 997.278440
7.630000 997.999305
7.630000 997.276912
7.640000 997.994609
7.640000 997.274064
7.650000 997.993609
7.650000 997.273064
7.660000 997.992609
7.660000 997.272064
7.670000 997.991609
7.670000 997.271064
7.680000 997.986913
7.680000 997.267688
7.690000 997.985913
7.690000 997.266688
7.700000 997.984913
7.700000 997.265688
7.710000 997.983913
7.710000 997.264688
7.720000 997.981065
7.720000 997.263160
7.730000 997.978217
7.730000 997.260312
7.740000 997.977217
7.740000 997.227592
7.750000 997.974331
7.750000 997.224744
7.760000 997.973331
7.760000 997.223216
7.770000 997.970483
7.770000 997.222216
7.780000 997.967635
7.780000 997.219368
7.790000 997.966635
7.790000 997.186648
7.800000 997.963787
7.800000 997.183800
7.810000 997.962787
7.810000 997.182272
7.820000 997.958091
7.820000 997.179424
7.830000 997.957091
7.830000 997.178424
7.840000 997.956091
7.840000 997.177424
7.850000 997.955091
7.850000 997.176424
7.860000 997.954091
7.860000 997.174896
7.870000 997.951243
7.870000 997.173896
7.880000 997.948395
7.880000 997.171048
7.890000 997.945517
7.890000 997.138328
7.900000 997.944547
7.900000 997.135480
7.910000 997.939851
7.910000 997.132632
7.920000 997.938851
7.920000 997.131632
7.930000 997.937851
7.930000 997.130632
7.940000 997.936851
7.940000 997.129632
7.950000 997.935851
7.950000 997.128632
7.960000 997.931155
7.960000 997.125784
7.970000 997.930155
7.970000 997.124784
7.980000 997.929155
7.980000 997.123784
7.990000 997.928155
7.990000 997.122784
8.000000 997.927155
8.000000 997.121784
8.010000 997.922459
8.010000 997.118936
8.020000 997.921459
8.020000 997.117936
8.030000 997.920459
8.030000 997.116936
8.040000 997.919459
8.040000 997.115936
8.050000 997.918459
8.050000 997.114936
8.060000 997.913763
8.060000 997.112088
8.070000 997.912763
8.070000 997.111088
8.080000 997.911763
8.080000 997.110088
8.090000 997.910763
8.090000 997.109088
8.100000 997.909763
8.100000 997.108088
8.110000 997.905067
8.110000 997.105240
8.120000 997.904067
8.120000 997.104240
8.130000 997.903067
8.130000 997.103240
8.140000 997.902067
8.140000 997.102240
8.150000 997.901067
8.150000 997.101240
8.160000 997.896371
8.160000 997.098392
8.170000 997.895371
8.170000 997.097392
8.180000 997.894371
8.180000 997.096392
8.190000 997.893371
8.190000 997.095392
8.200000 997.888675
8.200000 997.092544
8.210000 997.887675
8.210000 997.091544
8.220000 997.886675
8.220000 997.090544
8.230000 997.885675
8.230000 997.089544
8.240000 997.884675
8.240000 997.088544
8.250000 997.879979
8.250000 997.085696
8.260000 997.878979
8.260000 997.084696
8.270000 997.877979
8.270000 997.083696
8.280000 997.876979
8.280000 997.082696
8.290000 997.875979
8.290000 997.081168
8.300000 997.871283
8.300000 997.078320
8.310000 997.870283
8.310000 997.077320
8.320000 997.869283
8.320000 997.076320
8.330000 997.868283
8.330000 997.075320
8.340000 997.867283
8.340000 997.073792
8.350000 997.864435
8.350000 997.072792
8.360000 997.861587
8.360000 997.069944
8.370000 997.858739
8.370000 997.035376
8.380000 997.857739
8.380000 997.034376
8.390000 997.856739
8.390000 997.033376
8.400000 997.852043
8.400000 997.030528
8.410000 997.851043
8.410000 997.029528
8.420000 997.850043
8.420000 997.028528
8.430000 997.849043
8.430000 997.027528
8.440000 997.844347
8.440000 997.024152
8.450000 997.843347
8.450000 997.023152
8.460000 997.842347
8.460000 997.022152
8.470000 997.841347
8.470000 997.021152
8.480000 997.840347
8.480000 997.020152
8.490000 997.835651
8.490000 997.016776
8.500000 997.834651
8.500000 997.015776
8.510000 997.833651
8.510000 997.014776
8.520000 997.832651
8.520000 997.013776
8.530000 997.831651
8.530000 997.012248
8.540000 997.826955
8.540000 997.009400
8.550000 997.825955
8.550000 997.008400
8.560000 997.824955
8.560000 997.007400
8.570000 997.823955
8.570000 997.006400
8.580000 997.822955
8.580000 997.004872
8.590000 997.820107
8.590000 997.003872
8.600000 997.817259
8.600000 997.001024
8.610000 997.814411
8.610000 996.966456
8.620000 997.813411
8.620000 996.965456
8.630000 997.812411
8.630000 996.963928
8.640000 997.809563
8.640000 996.962928
8.650000 997.806715
8.650000 996.960080
8.660000 997.803867
8.660000 996.925466
8.670000 997.802867
8.670000 996.924512
8.680000 997.798171
8.680000 996.921664
8.690000 997.797171
8.690000 996.920664
8.700000 997.796171
8.700000 996.919664
8.710000 997.795171
8.710000 996.918664
8.720000 997.794171
8.720000 996.917664
8.730000 997.793171
8.730000 996.916664
8.740000 997.792171
8.740000 996.915664
8.750000 997.791171
8.750000 996.914664
8.760000 997.790171
8.760000 996.913664
8.770000 997.789171
8.770000 996.912664
8.780000 997.784475
8.780000 996.909288
8.790000 997.783475
8.790000 996.908288
8.800000 997.782475
8.800000 996.907288
8.810000 997.781475
8.810000 996.906288
8.820000 997.780475
8.820000 996.904760
8.830000 997.775779
8.830000 996.901912
8.840000 997.774779
8.840000 996.900912
8.850000 997.773779
8.850000 996.899912
8.860000 997.769083
8.860000 996.897064
8.870000 997.768083
8.870000 996.896064
8.880000 997.767083
8.880000 996.895064
8.890000 997.766083
8.890000 996.894064
8.900000 997.765083
8.900000 996.893064
8.910000 997.764083
8.910000 996.891536
8.920000 997.761235
8.920000 996.890536
8.930000 997.758387
8.930000 996.887688
8.940000 997.755509
8.940000 996.854968
8.950000 997.754539
8.950000 996.852120
8.960000 997.753539
8.960000 996.850592
8.970000 997.748843
8.970000 996.847744
8.980000 997.747843
8.980000 996.846744
8.990000 997.746843
8.990000 996.845744
9.000000 997.745843
9.000000 996.844744
9.010000 997.744843
9.010000 996.843744
9.020000 997.743843
9.020000 996.842216
9.030000 997.739147
9.030000 996.839368
9.040000 997.738147
9.040000 996.838368
9.050000 997.737147
9.050000 996.837368
9.060000 997.736147
9.060000 996.836368
9.070000 997.735147
9.070000 996.834840
9.080000 997.732299
9.080000 996.833840
9.090000 997.729451
9.090000 996.830992
9.100000 997.726573
9.100000 996.798272
9.110000 997.725603
9.110000 996.795424
9.120000 997.720907
9.120000 996.792048
9.130000 997.719907
9.130000 996.791048
9.140000 997.718907
9.140000 996.790048
9.150000 997.717907
9.150000 996.789048
9.160000 997.713211
9.160000 996.785672
9.170000 997.712211
9.170000 996.784672
9.180000 997.711211
9.180000 996.783672
9.190000 997.710211
9.190000 996.782672
9.200000 997.709211
9.200000 996.781144
9.210000 997.704515
9.210000 996.778296
9.220000 997.703515
9.220000 996.777296
9.230000 997.702515
9.230000 996.776296
9.240000 997.701515
9.240000 996.775296
9.250000 997.700515
9.250000 996.774296
9.260000 997.699515
9.260000 996.772768
9.270000 997.694819
9.270000 996.769920
9.280000 997.693819
9.280000 996.768920
9.290000 997.692819
9.290000 996.767920
9.300000 997.691819
9.300000 996.766920
9.310000 997.690819
9.310000 996.765392
9.320000 997.686123
9.320000 996.762544
9.330000 997.685123
9.330000 996.761544
9.340000 997.684123
9.340000 996.760544
9.350000 997.683123
9.350000 996.759544
9.360000 997.682123
9.360000 996.758016
9.370000 997.677427
9.370000 996.755168
9.380000 997.676427
9.380000 996.754168
9.390000 997.675427
9.390000 996.753168
9.400000 997.670731
9.400000 996.750320
9.410000 997.669731
9.410000 996.749320
9.420000 997.668731
9.420000 996.748320
9.430000 997.667731
9.430000 996.747320
9.440000 997.666731
9.440000 996.746320
9.450000 997.665731
9.450000 996.744792
9.460000 997.661035
9.460000 996.741944
9.470000 997.660035
9.470000 996.740944
9.480000 997.659035
9.480000 996.739944
9.490000 997.658035
9.490000 996.738944
9.500000 997.657035
9.500000 996.737944
9.510000 997.656035
9.510000 996.736416
9.520000 997.651339
9.520000 996.733568
9.530000 997.650339
9.530000 996.732568
9.540000 997.649339
9.540000 996.731568
9.550000 997.648339
9.550000 996.730568
9.560000 997.647339
9.560000 996.729040
9.570000 997.644491
9.570000 996.728040
9.580000 997.641643
9.580000 996.725192
9.590000 997.640643
9.590000 996.692472
9.600000 997.639643
9.600000 996.689624
9.610000 997.638643
9.610000 996.688096
9.620000 997.635795
9.620000 996.687096
9.630000 997.632947
9.630000 996.684248
9.640000 997.631947
9.640000 996.651528
9.650000 997.630947
9.650000 996.648680
9.660000 997.628099
9.660000 996.647152
9.670000 997.625251
9.670000 996.644304
9.680000 997.624251
9.680000 996.611584
9.690000 997.623251
9.690000 996.608736
9.700000 997.620403
9.700000 996.607208
9.710000 997.617555
9.710000 996.604360
9.720000 997.614677
9.720000 996.571640
9.730000 997.613707
9.730000 996.568792
9.740000 997.612707
9.740000 996.567264
9.750000 997.608011
9.750000 996.564416
9.760000 997.607011
9.760000 996.563416
9.770000 997.606011
9.770000 996.562416
9.780000 997.605011
9.780000 996.561416
9.790000 997.604011
9.790000 996.559888
9.800000 997.601163
9.800000 996.558888
9.810000 997.598315
9.810000 996.556040
9.820000 997.597315
9.820000 996.523320
9.830000 997.596315
9.830000 996.520472
9.840000 997.591619
9.840000 996.517096
9.850000 997.590619
9.850000 996.516096
9.860000 997.589619
9.860000 996.515096
9.870000 997.588619
9.870000 996.514096
9.880000 997.583923
9.880000 996.510720
9.890000 997.582923
9.890000 996.509720
9.900000 997.581923
9.900000 996.508720
9.910000 997.580923
9.910000 996.507720
9.920000 997.579923
9.920000 996.506192
9.930000 997.575227
9.930000 996.503344
9.940000 997.574227
9.940000 996.502344
9.950000 997.573227
9.950000 996.501344
9.960000 997.572227
9.960000 996.500344
9.970000 997.571227
9.970000 996.499344
9.980000 997.570227
9.980000 996.497816
9.990000 997.567379
9.990000 996.496816
10.000000 997.564531
10.000000 996.493968
