0.010000 999.974755
0.010000 999.972096
0.010000 999.972096
0.010000 999.972096
0.010000 999.972096
0.010000 999.972096
0.010000 999.972096
0.010000 999.973944
0.010000 999.973944
0.010000 999.975774
0.020000 999.912949
0.020000 999.909695
0.020000 999.914806
0.020000 999.914468
0.020000 999.911635
0.020000 999.908503
0.020000 999.906915
0.020000 999.918385
0.020000 999.915428
0.020000 999.921406
0.030000 999.855623
0.030000 999.840844
0.030000 999.847857
0.030000 999.848759
0.030000 999.847223
0.030000 999.848792
0.030000 999.839706
0.030000 999.858072
0.030000 999.855852
0.030000 999.864189
0.040000 999.827719
0.040000 999.812940
0.040000 999.819953
0.040000 999.820855
0.040000 999.819319
0.040000 999.819040
0.040000 999.811802
0.040000 999.832016
0.040000 999.829796
0.040000 999.839981
0.050000 999.755320
0.050000 999.743796
0.050000 999.746672
0.050000 999.748751
0.050000 999.748372
0.050000 999.746374
0.050000 999.744428
0.050000 999.769164
0.050000 999.768561
0.050000 999.776562
0.060000 999.679695
0.060000 999.664210
0.060000 999.669096
0.060000 999.676487
0.060000 999.672626
0.060000 999.673426
0.060000 999.677151
0.060000 999.696016
0.060000 999.694955
0.060000 999.709724
0.070000 999.652012
0.070000 999.635819
0.070000 999.643619
0.070000 999.647129
0.070000 999.644013
0.070000 999.643674
0.070000 999.647399
0.070000 999.668338
0.070000 999.669098
0.070000 999.684699
0.080000 999.598782
0.080000 999.572715
0.080000 999.590242
0.080000 999.586743
0.080000 999.587573
0.080000 999.583598
0.080000 999.588644
0.080000 999.609673
0.080000 999.613883
0.080000 999.634187
0.090000 999.550882
0.090000 999.523997
0.090000 999.541318
0.090000 999.536166
0.090000 999.541535
0.090000 999.540246
0.090000 999.537759
0.090000 999.566446
0.090000 999.564608
0.090000 999.586690
0.100000 999.521130
0.100000 999.494245
0.100000 999.511566
0.100000 999.506414
0.100000 999.513282
0.100000 999.510494
0.100000 999.508007
0.100000 999.539668
0.100000 999.537888
0.100000 999.560634
0.110000 999.457529
0.110000 999.433038
0.110000 999.448504
0.110000 999.443597
0.110000 999.456488
0.110000 999.451903
0.110000 999.443410
0.110000 999.483221
0.110000 999.478117
0.110000 999.508354
0.120000 999.394934
0.120000 999.370979
0.120000 999.383621
0.120000 999.378496
0.120000 999.388816
0.120000 999.383117
0.120000 999.378994
0.120000 999.425569
0.120000 999.420075
0.120000 999.449772
0.130000 999.365182
0.130000 999.341227
0.130000 999.353869
0.130000 999.348744
0.130000 999.359064
0.130000 999.353365
0.130000 999.349242
0.130000 999.397665
0.130000 999.392171
0.130000 999.423716
0.140000 999.340974
0.140000 999.318291
0.140000 999.330933
0.140000 999.326169
0.140000 999.336032
0.140000 999.329157
0.140000 999.325034
0.140000 999.375305
0.140000 999.372810
0.140000 999.401356
0.150000 999.325430
0.150000 999.301475
0.150000 999.314117
0.150000 999.311739
0.150000 999.320488
0.150000 999.314984
0.150000 999.309490
0.150000 999.361146
0.150000 999.355994
0.150000 999.388648
