0.010000 999.972096
0.010000 999.972096
0.010000 999.971187
0.010000 999.972096
0.010000 999.973919
0.010000 999.973937
0.010000 999.973566
0.010000 999.973944
0.010000 999.973944
0.010000 999.975792
0.020000 999.891540
0.020000 999.891319
0.020000 999.899629
0.020000 999.895212
0.020000 999.895660
0.020000 999.894205
0.020000 999.895235
0.020000 999.892553
0.020000 999.894679
0.020000 999.912029
0.030000 999.833114
0.030000 999.832913
0.030000 999.843056
0.030000 999.836809
0.030000 999.841077
0.030000 999.838425
0.030000 999.835457
0.030000 999.838081
0.030000 999.844134
0.030000 999.863717
0.040000 999.803362
0.040000 999.803161
0.040000 999.813526
0.040000 999.807057
0.040000 999.811325
0.040000 999.808673
0.040000 999.807364
0.040000 999.810177
0.040000 999.816230
0.040000 999.837661
0.050000 999.733034
0.050000 999.739579
0.050000 999.745462
0.050000 999.740047
0.050000 999.744118
0.050000 999.743800
0.050000 999.746196
0.050000 999.754092
0.050000 999.762831
0.050000 999.780811
0.060000 999.672662
0.060000 999.676025
0.060000 999.679845
0.060000 999.682351
0.060000 999.679828
0.060000 999.680022
0.060000 999.684053
0.060000 999.694730
0.060000 999.701629
0.060000 999.724147
0.070000 999.644006
0.070000 999.646273
0.070000 999.650185
0.070000 999.654447
0.070000 999.650076
0.070000 999.650270
0.070000 999.654301
0.070000 999.666826
0.070000 999.673725
0.070000 999.699939
0.080000 999.588100
0.080000 999.590617
0.080000 999.594420
0.080000 999.593620
0.080000 999.588186
0.080000 999.591408
0.080000 999.591435
0.080000 999.610668
0.080000 999.613037
0.080000 999.655532
0.090000 999.522885
0.090000 999.514186
0.090000 999.524157
0.090000 999.528154
0.090000 999.520280
0.090000 999.525748
0.090000 999.527612
0.090000 999.546454
0.090000 999.547695
0.090000 999.593882
0.100000 999.494981
0.100000 999.484434
0.100000 999.494405
0.100000 999.498402
0.100000 999.490528
0.100000 999.497941
0.100000 999.497860
0.100000 999.518550
0.100000 999.519791
0.100000 999.568809
0.110000 999.429659
0.110000 999.424020
0.110000 999.436274
0.110000 999.433184
0.110000 999.426669
0.110000 999.436710
0.110000 999.434609
0.110000 999.454831
0.110000 999.460577
0.110000 999.522364
0.120000 999.365936
0.120000 999.358513
0.120000 999.369146
0.120000 999.367527
0.120000 999.356796
0.120000 999.364079
0.120000 999.365163
0.120000 999.393565
0.120000 999.397822
0.120000 999.466353
0.130000 999.336184
0.130000 999.328761
0.130000 999.342658
0.130000 999.339024
0.130000 999.328119
0.130000 999.335489
0.130000 999.337013
0.130000 999.366564
0.130000 999.371514
0.130000 999.442959
0.140000 999.320640
0.140000 999.313194
0.140000 999.323994
0.140000 999.322208
0.140000 999.312575
0.140000 999.316825
0.140000 999.321469
0.140000 999.352868
0.140000 999.356546
0.140000 999.427991
0.150000 999.298057
0.150000 999.289009
0.150000 999.301058
0.150000 999.299272
0.150000 999.288367
0.150000 999.295737
0.150000 999.297261
0.150000 999.328660
0.150000 999.333610
0.150000 999.405902
0.160000 999.328091
0.170000 999.327091
0.180000 999.326091
0.190000 999.325091
0.200000 999.324091
0.210000 999.323091
0.220000 999.320243
0.230000 999.319243
0.240000 999.318243
0.250000 999.317243
0.260000 999.316243
0.270000 999.315243
0.280000 999.312395
0.290000 999.311395
0.300000 999.310395
0.310000 999.309395
0.320000 999.308395
0.330000 999.305547
0.340000 999.304547
0.350000 999.303547
0.360000 999.302547
0.370000 999.299699
0.380000 999.298699
0.390000 999.297699
0.400000 999.296699
0.410000 999.295699
0.420000 999.294699
0.430000 999.293699
0.440000 999.292699
0.450000 999.289851
0.460000 999.288851
0.470000 999.287851
0.480000 999.286851
0.490000 999.284003
0.500000 999.283003
0.510000 999.282003
0.520000 999.281003
0.530000 999.280003
0.540000 999.279003
0.550000 999.278003
0.560000 999.277003
0.570000 999.274155
0.580000 999.273155
0.590000 999.272155
0.600000 999.271155
0.610000 999.269847
0.620000 999.266999
0.630000 999.265999
0.640000 999.264999
0.650000 999.263999
0.660000 999.261151
0.670000 999.260151
0.680000 999.259151
0.690000 999.258151
0.700000 999.257151
0.710000 999.256151
0.720000 999.255151
0.730000 999.252303
0.740000 999.251303
0.750000 999.250303
0.760000 999.249303
0.770000 999.246455
0.780000 999.245455
0.790000 999.244455
0.800000 999.243455
0.810000 999.242455
0.820000 999.239607
0.830000 999.238607
0.840000 999.237607
0.850000 999.236607
0.860000 999.233759
0.870000 999.232759
0.880000 999.231759
0.890000 999.230759
0.900000 999.229759
0.910000 999.226911
0.920000 999.225911
0.930000 999.224911
0.940000 999.223911
0.950000 999.222911
0.960000 999.220063
0.970000 999.219063
0.980000 999.218063
0.990000 999.217063
1.000000 999.216063
1.010000 999.213215
1.020000 999.212215
1.030000 999.211215
1.040000 999.210215
1.050000 999.209215
1.060000 999.206367
1.070000 999.205367
1.080000 999.204367
1.090000 999.203367
1.100000 999.202367
1.110000 999.199519
1.120000 999.198519
1.130000 999.197519
1.140000 999.196519
1.150000 999.195519
1.160000 999.194519
1.170000 999.193519
1.180000 999.192519
1.190000 999.191519
1.200000 999.188671
1.210000 999.187671
1.220000 999.186671
1.230000 999.185671
1.240000 999.184671
1.250000 999.181823
1.260000 999.180823
1.270000 999.179823
1.280000 999.178823
1.290000 999.175975
1.300000 999.174975
1.310000 999.173667
1.320000 999.172667
1.330000 999.171667
1.340000 999.170667
1.350000 999.169667
1.360000 999.168667
1.370000 999.167667
1.380000 999.164819
1.390000 999.163819
1.400000 999.162819
1.410000 999.161819
1.420000 999.160819
1.430000 999.157971
1.440000 999.156971
1.450000 999.155971
1.460000 999.154971
1.470000 999.153971
1.480000 999.152971
1.490000 999.151971
1.500000 999.149123
1.510000 999.148123
1.520000 999.147123
1.530000 999.146123
1.540000 999.145123
1.550000 999.144123
1.560000 999.141275
1.570000 999.140275
1.580000 999.139275
1.590000 999.138275
1.600000 999.137275
1.610000 999.135967
1.620000 999.133119
1.630000 999.132119
1.640000 999.131119
1.650000 999.130119
1.660000 999.129119
1.670000 999.126271
1.680000 999.125271
1.690000 999.124271
1.700000 999.123271
1.710000 999.122271
1.720000 999.119423
1.730000 999.118423
1.740000 999.117423
1.750000 999.116423
1.760000 999.115423
1.770000 999.114423
1.780000 999.113423
1.790000 999.112423
1.800000 999.109575
1.810000 999.108575
1.820000 999.107575
1.830000 999.106575
1.840000 999.105575
1.850000 999.104575
1.860000 999.101727
1.870000 999.100727
1.880000 999.099727
1.890000 999.098727
1.900000 999.097727
1.910000 999.096727
1.920000 999.093879
1.930000 999.092879
1.940000 999.091879
1.950000 999.090879
1.960000 999.089879
1.970000 999.088879
1.980000 999.086031
1.990000 999.085031
2.000000 999.084031
2.010000 999.083031
2.020000 999.082031
2.030000 999.081031
2.040000 999.078183
2.050000 999.077183
2.060000 999.076183
2.070000 999.075183
2.080000 999.074183
2.090000 999.073183
2.100000 999.070335
2.110000 999.069335
2.120000 999.068335
2.130000 999.067335
2.140000 999.066335
2.150000 999.063487
2.160000 999.062487
2.170000 999.061487
2.180000 999.060487
2.190000 999.057639
2.200000 999.056639
2.210000 999.055639
2.220000 999.054639
2.230000 999.053639
2.240000 999.050791
2.250000 999.049791
2.260000 999.048791
2.270000 999.047791
2.280000 999.044943
2.290000 999.043943
2.300000 999.042943
2.310000 999.041943
2.320000 999.039095
2.330000 999.038095
2.340000 999.037095
2.350000 999.036095
2.360000 999.035095
2.370000 999.034095
2.380000 999.033095
2.390000 999.032095
2.400000 999.029247
2.410000 999.028247
2.420000 999.027247
2.430000 999.026247
2.440000 999.023399
2.450000 999.022399
2.460000 999.021399
2.470000 999.020399
2.480000 999.019399
2.490000 999.016551
2.500000 999.015551
2.510000 999.014551
2.520000 999.013551
2.530000 999.012551
2.540000 999.009703
2.550000 999.008703
2.560000 999.007703
2.570000 999.006703
2.580000 999.003855
2.590000 999.002855
2.600000 999.001855
2.610000 999.000855
2.620000 998.998007
2.630000 998.997007
2.640000 998.996007
2.650000 998.995007
2.660000 998.994007
2.670000 998.993007
2.680000 998.992007
2.690000 998.991007
2.700000 998.988159
2.710000 998.987159
2.720000 998.986159
2.730000 998.985159
2.740000 998.982311
2.750000 998.981311
2.760000 998.980311
2.770000 998.979311
2.780000 998.978311
2.790000 998.977311
2.800000 998.976311
2.810000 998.975311
2.820000 998.972463
2.830000 998.971463
2.840000 998.970463
2.850000 998.969463
2.860000 998.968463
2.870000 998.967155
2.880000 998.964307
2.890000 998.963307
2.900000 998.962307
2.910000 998.961307
2.920000 998.960307
2.930000 998.959307
2.940000 998.956459
2.950000 998.955459
2.960000 998.954459
2.970000 998.953459
2.980000 998.952459
2.990000 998.951151
3.000000 998.948303
3.010000 998.947303
3.020000 998.946303
3.030000 998.945303
3.040000 998.944303
3.050000 998.943303
3.060000 998.940455
3.070000 998.939455
3.080000 998.938455
3.090000 998.937455
3.100000 998.936455
3.110000 998.935455
3.120000 998.932607
3.130000 998.931607
3.140000 998.930607
3.150000 998.929607
3.160000 998.928607
3.170000 998.927607
3.180000 998.924759
3.190000 998.923759
3.200000 998.922759
3.210000 998.921759
3.220000 998.920759
3.230000 998.919759
3.240000 998.916911
3.250000 998.915911
3.260000 998.914911
3.270000 998.913911
3.280000 998.912911
3.290000 998.911911
3.300000 998.909063
3.310000 998.908063
3.320000 998.907063
3.330000 998.906063
3.340000 998.903215
3.350000 998.902215
3.360000 998.901215
3.370000 998.900215
3.380000 998.897367
3.390000 998.896367
3.400000 998.895367
3.410000 998.894367
3.420000 998.893367
3.430000 998.890519
3.440000 998.889519
3.450000 998.888519
3.460000 998.887519
3.470000 998.886519
3.480000 998.885519
3.490000 998.884519
3.500000 998.883519
3.510000 998.882519
3.520000 998.879671
3.530000 998.878671
3.540000 998.877671
3.550000 998.876671
3.560000 998.873823
3.570000 998.872823
3.580000 998.871823
3.590000 998.870823
3.600000 998.869823
3.610000 998.866975
3.620000 998.865975
3.630000 998.864667
3.640000 998.863667
3.650000 998.862667
3.660000 998.859819
3.670000 998.858819
3.680000 998.857819
3.690000 998.856819
3.700000 998.853971
3.710000 998.852971
3.720000 998.851971
3.730000 998.850971
3.740000 998.849971
3.750000 998.848663
3.760000 998.845815
3.770000 998.844815
3.780000 998.843815
3.790000 998.842815
3.800000 998.841815
3.810000 998.840815
3.820000 998.837967
3.830000 998.836967
3.840000 998.835967
3.850000 998.834967
3.860000 998.833967
3.870000 998.832967
3.880000 998.830119
3.890000 998.829119
3.900000 998.828119
3.910000 998.827119
3.920000 998.826119
3.930000 998.823271
3.940000 998.822271
3.950000 998.821271
3.960000 998.820271
3.970000 998.819271
3.980000 998.818271
3.990000 998.817271
4.000000 998.814423
4.010000 998.813423
4.020000 998.812423
4.030000 998.811423
4.040000 998.810423
4.050000 998.809423
4.060000 998.806575
4.070000 998.805575
4.080000 998.804575
4.090000 998.803575
4.100000 998.802575
4.110000 998.801575
4.120000 998.798727
4.130000 998.797727
4.140000 998.796727
4.150000 998.795727
4.160000 998.794727
4.170000 998.793419
4.180000 998.790571
4.190000 998.789571
4.200000 998.788571
4.210000 998.787571
4.220000 998.786571
4.230000 998.783723
4.240000 998.782723
4.250000 998.781723
4.260000 998.780723
4.270000 998.779723
4.280000 998.776875
4.290000 998.775875
4.300000 998.774875
4.310000 998.773875
4.320000 998.772875
4.330000 998.771875
4.340000 998.770875
4.350000 998.768027
4.360000 998.767027
4.370000 998.766027
4.380000 998.765027
4.390000 998.764027
4.400000 998.760871
4.410000 998.759871
4.420000 998.758871
4.430000 998.757871
4.440000 998.756871
4.450000 998.754023
4.460000 998.753023
4.470000 998.752023
4.480000 998.751023
4.490000 998.750023
4.500000 998.747175
4.510000 998.746175
4.520000 998.745175
4.530000 998.744175
4.540000 998.743175
4.550000 998.742175
4.560000 998.741175
4.570000 998.740175
4.580000 998.739175
4.590000 998.736327
4.600000 998.735327
4.610000 998.734327
4.620000 998.733327
4.630000 998.732327
4.640000 998.731327
4.650000 998.728479
4.660000 998.727479
4.670000 998.726479
4.680000 998.725479
4.690000 998.724479
4.700000 998.723479
4.710000 998.720631
4.720000 998.719631
4.730000 998.718631
4.740000 998.717631
4.750000 998.716631
4.760000 998.715631
4.770000 998.712783
4.780000 998.711783
4.790000 998.710783
4.800000 998.709783
4.810000 998.708783
4.820000 998.705627
4.830000 998.704627
4.840000 998.703627
4.850000 998.702627
4.860000 998.699779
4.870000 998.698779
4.880000 998.697779
4.890000 998.696779
4.900000 998.695779
4.910000 998.692931
4.920000 998.691931
4.930000 998.690931
4.940000 998.689931
4.950000 998.687083
4.960000 998.686083
4.970000 998.685083
4.980000 998.684083
4.990000 998.683083
5.000000 998.680235
5.010000 998.679235
5.020000 998.678235
5.030000 998.677235
5.040000 998.676235
5.050000 998.675235
5.060000 998.674235
5.070000 998.671387
5.080000 998.670387
5.090000 998.669387
5.100000 998.668387
5.110000 998.667387
5.120000 998.664539
5.130000 998.663539
5.140000 998.662539
5.150000 998.661539
5.160000 998.660539
5.170000 998.657691
5.180000 998.656691
5.190000 998.655691
5.200000 998.654691
5.210000 998.651843
5.220000 998.650843
5.230000 998.649843
5.240000 998.648843
5.250000 998.645995
5.260000 998.644995
5.270000 998.643995
5.280000 998.642995
5.290000 998.641995
5.300000 998.639147
5.310000 998.638147
5.320000 998.637147
5.330000 998.636147
5.340000 998.635147
5.350000 998.632299
5.360000 998.631299
5.370000 998.630299
5.380000 998.629299
5.390000 998.628299
5.400000 998.625451
5.410000 998.624451
5.420000 998.623451
5.430000 998.622451
5.440000 998.621451
5.450000 998.620451
5.460000 998.619451
5.470000 998.618451
5.480000 998.617451
5.490000 998.614603
5.500000 998.613603
5.510000 998.612603
5.520000 998.611603
5.530000 998.610603
5.540000 998.607755
5.550000 998.606755
5.560000 998.605755
5.570000 998.604755
5.580000 998.603755
5.590000 998.600599
5.600000 998.599599
5.610000 998.598599
5.620000 998.597599
5.630000 998.596599
5.640000 998.593751
5.650000 998.592443
5.660000 998.591443
5.670000 998.590443
5.680000 998.589443
5.690000 998.586595
5.700000 998.585595
5.710000 998.584287
5.720000 998.583287
5.730000 998.582287
5.740000 998.581287
5.750000 998.580287
5.760000 998.579287
5.770000 998.578287
5.780000 998.575439
5.790000 998.574439
5.800000 998.573439
5.810000 998.572439
5.820000 998.571439
5.830000 998.570439
5.840000 998.567591
5.850000 998.566591
5.860000 998.565591
5.870000 998.564591
5.880000 998.563591
5.890000 998.562283
5.900000 998.559435
5.910000 998.558435
5.920000 998.557435
5.930000 998.556435
5.940000 998.555435
5.950000 998.554435
5.960000 998.551587
5.970000 998.550587
5.980000 998.549587
5.990000 998.548587
6.000000 998.547587
6.010000 998.544739
6.020000 998.543739
6.030000 998.542739
6.040000 998.541739
6.050000 998.540739
6.060000 998.539739
6.070000 998.536891
6.080000 998.535891
6.090000 998.534891
6.100000 998.533891
6.110000 998.532891
6.120000 998.531891
6.130000 998.529043
6.140000 998.528043
6.150000 998.527043
6.160000 998.526043
6.170000 998.525043
6.180000 998.524043
6.190000 998.521195
6.200000 998.520195
6.210000 998.519195
6.220000 998.518195
6.230000 998.517195
6.240000 998.516195
6.250000 998.513347
6.260000 998.512347
6.270000 998.511347
6.280000 998.510347
6.290000 998.507499
6.300000 998.506499
6.310000 998.505499
6.320000 998.504499
6.330000 998.501651
6.340000 998.500651
6.350000 998.499651
6.360000 998.498651
6.370000 998.495803
6.380000 998.494803
6.390000 998.493803
6.400000 998.492803
6.410000 998.491803
6.420000 998.488955
6.430000 998.487955
6.440000 998.486955
6.450000 998.485955
6.460000 998.484955
6.470000 998.483955
6.480000 998.482955
6.490000 998.480107
6.500000 998.479107
6.510000 998.478107
6.520000 998.477107
6.530000 998.476107
6.540000 998.475107
6.550000 998.472259
6.560000 998.471259
6.570000 998.470259
6.580000 998.469259
6.590000 998.468259
6.600000 998.467259
6.610000 998.464411
6.620000 998.463411
6.630000 998.462411
6.640000 998.461411
6.650000 998.460411
6.660000 998.459411
6.670000 998.456563
6.680000 998.455563
6.690000 998.454563
6.700000 998.453563
6.710000 998.452563
6.720000 998.451563
6.730000 998.448715
6.740000 998.447715
6.750000 998.446715
6.760000 998.445715
6.770000 998.444715
6.780000 998.443715
6.790000 998.440867
6.800000 998.439867
6.810000 998.438867
6.820000 998.437867
6.830000 998.436867
6.840000 998.434019
6.850000 998.433019
6.860000 998.432019
6.870000 998.431019
6.880000 998.430019
6.890000 998.427171
6.900000 998.426171
6.910000 998.425171
6.920000 998.424171
6.930000 998.423171
6.940000 998.422171
6.950000 998.421171
6.960000 998.420171
6.970000 998.417323
6.980000 998.416323
6.990000 998.415323
7.000000 998.414323
7.010000 998.413323
7.020000 998.410475
7.030000 998.409475
7.040000 998.408475
7.050000 998.407475
7.060000 998.404627
7.070000 998.403627
7.080000 998.402627
7.090000 998.401627
7.100000 998.398779
7.110000 998.397779
7.120000 998.396779
7.130000 998.395779
7.140000 998.392931
7.150000 998.391931
7.160000 998.390931
7.170000 998.389931
7.180000 998.387083
7.190000 998.386083
7.200000 998.385083
7.210000 998.384083
7.220000 998.381235
7.230000 998.380235
7.240000 998.379235
7.250000 998.378235
7.260000 998.377235
7.270000 998.374387
7.280000 998.373387
7.290000 998.372387
7.300000 998.371079
7.310000 998.368231
7.320000 998.367231
7.330000 998.366231
7.340000 998.365231
7.350000 998.364231
7.360000 998.361383
7.370000 998.360383
7.380000 998.359383
7.390000 998.358383
7.400000 998.357383
7.410000 998.354535
7.420000 998.353535
7.430000 998.352535
7.440000 998.351535
7.450000 998.350535
7.460000 998.347687
7.470000 998.346687
7.480000 998.345687
7.490000 998.344687
7.500000 998.343687
7.510000 998.342687
7.520000 998.341687
7.530000 998.340687
7.540000 998.339687
7.550000 998.336839
7.560000 998.335839
7.570000 998.334839
7.580000 998.333839
7.590000 998.332839
7.600000 998.331839
7.610000 998.328991
7.620000 998.327991
7.630000 998.326991
7.640000 998.325991
7.650000 998.324991
7.660000 998.322143
7.670000 998.321143
7.680000 998.320143
7.690000 998.319143
7.700000 998.318143
7.710000 998.317143
7.720000 998.316143
7.730000 998.313295
7.740000 998.312295
7.750000 998.311295
7.760000 998.310295
7.770000 998.309295
7.780000 998.307987
7.790000 998.306987
7.800000 998.305987
7.810000 998.304987
7.820000 998.302139
7.830000 998.301139
7.840000 998.300139
7.850000 998.299139
7.860000 998.298139
7.870000 998.295291
7.880000 998.294291
7.890000 998.293291
7.900000 998.292291
7.910000 998.289443
7.920000 998.288443
7.930000 998.287443
7.940000 998.286443
7.950000 998.285443
7.960000 998.282595
7.970000 998.281595
7.980000 998.280595
7.990000 998.279595
8.000000 998.276747
8.010000 998.275747
8.020000 998.274747
8.030000 998.273747
8.040000 998.272747
8.050000 998.271747
8.060000 998.270747
8.070000 998.269747
8.080000 998.268747
8.090000 998.265899
8.100000 998.264899
8.110000 998.263899
8.120000 998.262899
8.130000 998.261899
8.140000 998.260899
8.150000 998.258051
8.160000 998.257051
8.170000 998.256051
8.180000 998.255051
8.190000 998.254051
8.200000 998.253051
8.210000 998.250203
8.220000 998.249203
8.230000 998.248203
8.240000 998.247203
8.250000 998.246203
8.260000 998.245203
8.270000 998.242355
8.280000 998.241355
8.290000 998.240355
8.300000 998.239355
8.310000 998.236507
8.320000 998.235507
8.330000 998.234507
8.340000 998.233507
8.350000 998.232507
8.360000 998.229659
8.370000 998.228659
8.380000 998.227659
8.390000 998.226659
8.400000 998.225659
8.410000 998.222811
8.420000 998.221811
8.430000 998.220811
8.440000 998.219811
8.450000 998.216963
8.460000 998.215963
8.470000 998.214963
8.480000 998.213963
8.490000 998.212963
8.500000 998.211963
8.510000 998.209115
8.520000 998.208115
8.530000 998.207115
8.540000 998.206115
8.550000 998.203267
8.560000 998.202267
8.570000 998.201267
8.580000 998.200267
8.590000 998.199267
8.600000 998.198267
8.610000 998.197267
8.620000 998.196267
8.630000 998.193419
8.640000 998.192419
8.650000 998.191419
8.660000 998.190419
8.670000 998.189419
8.680000 998.188419
8.690000 998.185571
8.700000 998.184571
8.710000 998.183571
8.720000 998.182571
8.730000 998.181571
8.740000 998.180571
8.750000 998.177723
8.760000 998.176723
8.770000 998.175723
8.780000 998.174723
8.790000 998.173723
8.800000 998.170875
8.810000 998.169875
8.820000 998.168875
8.830000 998.167875
8.840000 998.166875
8.850000 998.165875
8.860000 998.164875
8.870000 998.162027
8.880000 998.161027
8.890000 998.160027
8.900000 998.159027
8.910000 998.156179
8.920000 998.155179
8.930000 998.154179
8.940000 998.153179
8.950000 998.152179
8.960000 998.151179
8.970000 998.150179
8.980000 998.149179
8.990000 998.146331
9.000000 998.145331
9.010000 998.144331
9.020000 998.143331
9.030000 998.142331
9.040000 998.141331
9.050000 998.138483
9.060000 998.137483
9.070000 998.136483
9.080000 998.135483
9.090000 998.132635
9.100000 998.131635
9.110000 998.130635
9.120000 998.129635
9.130000 998.128635
9.140000 998.125787
9.150000 998.124787
9.160000 998.123787
9.170000 998.122787
9.180000 998.121787
9.190000 998.120787
9.200000 998.117939
9.210000 998.116939
9.220000 998.115939
9.230000 998.114939
9.240000 998.112091
9.250000 998.111091
9.260000 998.110091
9.270000 998.109091
9.280000 998.108091
9.290000 998.105243
9.300000 998.104243
9.310000 998.103243
9.320000 998.102243
9.330000 998.101243
9.340000 998.098395
9.350000 998.097395
9.360000 998.096395
9.370000 998.095395
9.380000 998.094395
9.390000 998.093395
9.400000 998.090547
9.410000 998.089547
9.420000 998.088547
9.430000 998.087547
9.440000 998.086547
9.450000 998.085547
9.460000 998.082699
9.470000 998.081699
9.480000 998.080699
9.490000 998.079699
9.500000 998.078699
9.510000 998.075851
9.520000 998.074851
9.530000 998.073851
9.540000 998.072851
9.550000 998.071851
9.560000 998.070851
9.570000 998.069851
9.580000 998.067003
9.590000 998.066003
9.600000 998.065003
9.610000 998.064003
9.620000 998.063003
9.630000 998.060155
9.640000 998.059155
9.650000 998.058155
9.660000 998.057155
9.670000 998.054307
9.680000 998.053307
9.690000 998.052307
9.700000 998.051307
9.710000 998.050307
9.720000 998.047459
9.730000 998.046459
9.740000 998.045459
9.750000 998.044459
9.760000 998.041611
9.770000 998.040611
9.780000 998.039611
9.790000 998.038611
9.800000 998.037611
9.810000 998.036611
9.820000 998.033763
9.830000 998.032763
9.840000 998.031763
9.850000 998.030763
9.860000 998.029763
9.870000 998.028763
9.880000 998.025915
9.890000 998.024915
9.900000 998.023915
9.910000 998.022915
9.920000 998.021915
9.930000 998.019067
9.940000 998.018067
9.950000 998.017067
9.960000 998.016067
9.970000 998.015067
9.980000 998.012219
9.990000 998.011219
10.000000 998.010219
