0.010000 999.970248
0.010000 999.971199
0.010000 999.970248
0.010000 999.970248
0.010000 999.971091
0.010000 999.970248
0.010000 999.970248
0.010000 999.972096
0.010000 999.972096
0.010000 999.973944
0.020000 999.917044
0.020000 999.910893
0.020000 999.909536
0.020000 999.913409
0.020000 999.914253
0.020000 999.914152
0.020000 999.915739
0.020000 999.922291
0.020000 999.920071
0.020000 999.931212
0.030000 999.840249
0.030000 999.843180
0.030000 999.840014
0.030000 999.841591
0.030000 999.853892
0.030000 999.844035
0.030000 999.847368
0.030000 999.853804
0.030000 999.852937
0.030000 999.872623
0.040000 999.810497
0.040000 999.813428
0.040000 999.810262
0.040000 999.811839
0.040000 999.824140
0.040000 999.814283
0.040000 999.817616
0.040000 999.825900
0.040000 999.825033
0.040000 999.846567
0.050000 999.738270
0.050000 999.746287
0.050000 999.737569
0.050000 999.740709
0.050000 999.749109
0.050000 999.746899
0.050000 999.744652
0.050000 999.757550
0.050000 999.756625
0.050000 999.791322
0.060000 999.680114
0.060000 999.681095
0.060000 999.671420
0.060000 999.680329
0.060000 999.690297
0.060000 999.682714
0.060000 999.685424
0.060000 999.701618
0.060000 999.699330
0.060000 999.733869
0.070000 999.650362
0.070000 999.651343
0.070000 999.641668
0.070000 999.651029
0.070000 999.660545
0.070000 999.653164
0.070000 999.655672
0.070000 999.673714
0.070000 999.671426
0.070000 999.707813
0.080000 999.590955
0.080000 999.588285
0.080000 999.581245
0.080000 999.591855
0.080000 999.600201
0.080000 999.590716
0.080000 999.596548
0.080000 999.617786
0.080000 999.612945
0.080000 999.651171
0.090000 999.512981
0.090000 999.513197
0.090000 999.511435
0.090000 999.516598
0.090000 999.528962
0.090000 999.522137
0.090000 999.518320
0.090000 999.548657
0.090000 999.545435
0.090000 999.587054
0.100000 999.483229
0.100000 999.483445
0.100000 999.483425
0.100000 999.487654
0.100000 999.499210
0.100000 999.492778
0.100000 999.488626
0.100000 999.522601
0.100000 999.518879
0.100000 999.560998
0.110000 999.415390
0.110000 999.414859
0.110000 999.422193
0.110000 999.422442
0.110000 999.435123
0.110000 999.429356
0.110000 999.424177
0.110000 999.463887
0.110000 999.461965
0.110000 999.499583
0.120000 999.354042
0.120000 999.351712
0.120000 999.351369
0.120000 999.363608
0.120000 999.372322
0.120000 999.363755
0.120000 999.361268
0.120000 999.405233
0.120000 999.405519
0.120000 999.452011
0.130000 999.327073
0.130000 999.322512
0.130000 999.323417
0.130000 999.337552
0.130000 999.346266
0.130000 999.337699
0.130000 999.335212
0.130000 999.379177
0.130000 999.379463
0.130000 999.429651
0.140000 999.306506
0.140000 999.302841
0.140000 999.300465
0.140000 999.312768
0.140000 999.320210
0.140000 999.311643
0.140000 999.309156
0.140000 999.356241
0.140000 999.355255
0.140000 999.406715
0.150000 999.289340
0.150000 999.284177
0.150000 999.283073
0.150000 999.294104
0.150000 999.302818
0.150000 999.294251
0.150000 999.291764
0.150000 999.339425
0.150000 999.339711
0.150000 999.389899
0.160000 999.389737
0.170000 999.388737
0.180000 999.387737
0.190000 999.386737
0.200000 999.383889
0.210000 999.382889
0.220000 999.381889
0.230000 999.380889
0.240000 999.379889
0.250000 999.377041
0.260000 999.376041
0.270000 999.375041
0.280000 999.372193
0.290000 999.371193
0.300000 999.370193
0.310000 999.369193
0.320000 999.368193
0.330000 999.365345
0.340000 999.364345
0.350000 999.363345
0.360000 999.360497
0.370000 999.359497
0.380000 999.358497
0.390000 999.357497
0.400000 999.356497
0.410000 999.353649
0.420000 999.352649
0.430000 999.351649
0.440000 999.348801
0.450000 999.347801
0.460000 999.346801
0.470000 999.345801
0.480000 999.344801
0.490000 999.341953
0.500000 999.340953
0.510000 999.339953
0.520000 999.337105
0.530000 999.336105
0.540000 999.335105
0.550000 999.334105
0.560000 999.332577
0.570000 999.331577
