0.010000 999.970248
0.010000 999.970366
0.010000 999.971059
0.010000 999.972096
0.010000 999.970248
0.010000 999.970248
0.010000 999.971231
0.010000 999.973279
0.010000 999.972096
0.010000 999.974928
0.020000 999.904476
0.020000 999.904575
0.020000 999.906620
0.020000 999.903148
0.020000 999.906435
0.020000 999.902950
0.020000 999.907637
0.020000 999.917481
0.020000 999.917408
0.020000 999.913786
0.030000 999.842283
0.030000 999.845933
0.030000 999.844184
0.030000 999.846933
0.030000 999.848412
0.030000 999.843810
0.030000 999.852159
0.030000 999.855793
0.030000 999.855004
0.030000 999.862298
0.040000 999.812531
0.040000 999.816181
0.040000 999.814429
0.040000 999.817181
0.040000 999.820362
0.040000 999.815760
0.040000 999.823471
0.040000 999.827889
0.040000 999.827100
0.040000 999.838090
0.050000 999.756132
0.050000 999.758744
0.050000 999.757990
0.050000 999.757205
0.050000 999.759775
0.050000 999.753620
0.050000 999.762722
0.050000 999.767436
0.050000 999.770950
0.050000 999.791207
0.060000 999.693185
0.060000 999.690633
0.060000 999.682790
0.060000 999.692749
0.060000 999.694328
0.060000 999.685444
0.060000 999.695772
0.060000 999.704973
0.060000 999.700252
0.060000 999.729351
0.070000 999.665281
0.070000 999.662729
0.070000 999.654886
0.070000 999.664845
0.070000 999.666424
0.070000 999.655685
0.070000 999.667868
0.070000 999.678917
0.070000 999.674196
0.070000 999.705143
0.080000 999.595504
0.080000 999.591111
0.080000 999.594110
0.080000 999.596535
0.080000 999.598512
0.080000 999.589949
0.080000 999.606616
0.080000 999.620754
0.080000 999.611689
0.080000 999.645584
0.090000 999.531444
0.090000 999.530212
0.090000 999.519851
0.090000 999.538133
0.090000 999.531821
0.090000 999.529601
0.090000 999.539453
0.090000 999.558665
0.090000 999.551035
0.090000 999.581082
0.100000 999.503540
0.100000 999.504156
0.100000 999.491947
0.100000 999.508381
0.100000 999.502069
0.100000 999.499849
0.100000 999.509701
0.100000 999.530761
0.100000 999.523129
0.100000 999.557209
0.110000 999.433985
0.110000 999.438952
0.110000 999.425253
0.110000 999.447918
0.110000 999.438816
0.110000 999.425327
0.110000 999.438750
0.110000 999.462604
0.110000 999.459921
0.110000 999.501795
0.120000 999.367365
0.120000 999.366109
0.120000 999.352109
0.120000 999.374220
0.120000 999.365705
0.120000 999.356755
0.120000 999.369962
0.120000 999.399635
0.120000 999.396855
0.120000 999.439962
0.130000 999.337613
0.130000 999.338205
0.130000 999.326049
0.130000 999.346316
0.130000 999.337801
0.130000 999.328851
0.130000 999.342169
0.130000 999.373579
0.130000 999.370799
0.130000 999.415754
0.140000 999.318910
0.140000 999.320813
0.140000 999.307389
0.140000 999.328924
0.140000 999.320409
0.140000 999.311459
0.140000 999.323505
0.140000 999.356187
0.140000 999.352135
0.140000 999.400210
0.150000 999.297861
0.150000 999.297891
0.150000 999.284453
0.150000 999.305998
0.150000 999.296201
0.150000 999.287386
0.150000 999.300783
0.150000 999.333827
0.150000 999.331047
0.150000 999.377850
0.160000 999.305512
0.170000 999.304512
0.180000 999.302984
0.190000 999.301984
0.200000 999.299136
0.210000 999.298136
0.220000 999.295288
0.230000 999.294288
0.240000 999.292760
0.250000 999.291760
0.260000 999.288912
0.270000 999.287912
0.280000 999.286912
0.290000 999.285912
0.300000 999.284384
0.310000 999.283384
0.320000 999.280536
0.330000 999.279536
0.340000 999.276688
0.350000 999.275688
0.360000 999.274160
0.370000 999.273160
0.380000 999.270312
0.390000 999.269312
0.400000 999.268312
0.410000 999.265464
0.420000 999.263936
0.430000 999.262936
0.440000 999.260088
0.450000 999.259088
0.460000 999.258088
0.470000 999.257088
0.480000 999.255560
0.490000 999.252712
0.500000 999.251712
0.510000 999.250712
0.520000 999.249712
0.530000 999.248712
0.540000 999.247184
0.550000 999.246184
0.560000 999.243336
0.570000 999.242336
0.580000 999.241336
0.590000 999.238488
0.600000 999.236960
0.610000 999.235960
0.620000 999.233112
0.630000 999.232112
0.640000 999.229264
0.650000 999.228264
0.660000 999.226736
0.670000 999.225736
0.680000 999.222888
0.690000 999.221888
0.700000 999.220888
0.710000 999.219888
0.720000 999.218360
0.730000 999.215512
0.740000 999.214512
0.750000 999.213512
0.760000 999.212512
0.770000 999.209664
0.780000 999.208136
0.790000 999.207136
0.800000 999.206136
0.810000 999.205136
0.820000 999.202288
0.830000 999.201288
0.840000 999.199760
0.850000 999.198760
0.860000 999.195912
0.870000 999.194912
0.880000 999.192064
0.890000 999.191064
0.900000 999.189536
0.910000 999.188536
0.920000 999.185688
0.930000 999.184688
0.940000 999.183688
0.950000 999.182688
0.960000 999.181160
0.970000 999.178312
0.980000 999.177312
0.990000 999.176312
1.000000 999.175312
1.010000 999.174312
1.020000 999.170936
1.030000 999.169936
1.040000 999.168936
1.050000 999.167936
1.060000 999.166936
1.070000 999.164088
1.080000 999.162560
1.090000 999.161560
1.100000 999.160560
1.110000 999.159560
1.120000 999.156712
1.130000 999.155712
1.140000 999.154184
1.150000 999.153184
1.160000 999.152184
1.170000 999.149336
1.180000 999.148336
1.190000 999.147336
1.200000 999.145808
1.210000 999.144808
1.220000 999.143808
